4  2 -1 1
6  3 -1 1
7  2 -1 1
9  2 -1 1
10 2 -1 1
11 2 -1 0
11 3 -2 1
11 2 -1 1
11 2 -1 1
12 4 -1 1
14 2 -1 0
14 2 0 0
15 2 -1 1
16 3 -2 1
17 2 -1 1
18 2 -1 1
21 3 -1 1
22 3 -1 1
22
22 3 -2 0
23 2 -1 0
24 3 -1 0
24
24 3 -2 0
25 2 0 0
31 3 -1 1
40 3 -1 1
40 4 -2 1
40 3 -1 1
42 2 -1 0
43A 4 -1 2
43B 4 -1 2
43C 4 -1 2
46 4 -2 1
46 3 0 1
47 4 -1 1
48 3 -1 1
50 2 -1 1
52 2 0 1
53 2 0 1
55 3 -1 1
57 2 -1 1
59 5 -2 2
66 3 -1 1
67 4 -1 1
69 3 -1 1
70 3 -1 1
71 3 -1 1
75 3 -1 1
78 3 -1 0
79 2 -1 0
79A 3 -1 1
79B 3 -1 1
85 1 -2 0
85 2 -2 0
86 2 0 1
87 3 -1 1
89 2 -1 1
90 2 -1 0
93 2 -1 0
97 2 -1 0
98 3 -2 1
103 3 -2 1
133 3 -1 1
139 3 -1 2
139
139 3 -1 1
141 3 -1 1
148 3 -1 1
153 3 -1 1
155 3 0 2